75
55
24
37
47
56
78
91
30
61
47
31
35
13
0
11
34
47
81
75
84
47
91
28
5
50
25
93
13
14
6
75
49
92
18
83
67
28
63
64
47
59
100
39
2
38
50
12
53
44
86
28
47
0
83
72
100
40
18
43
6
60
8
51
42
3
27
10
8
7
33
96
24
67
9
34
44
89
66
5
89
48
64
20
68
9
4
59
60
100
69
52
36
99
41
57
50
18
35
79
81
11
6
87
11
90
2
85
16
78
28
13
98
70
61
45
21
27
25
13
35
83
84
1
79
50
83
32
44
55
50
65
66
78
20
45
42
100
58
75
64
88
35
16
30
15
74
47
3
54
21
15
28
54
83
27
67
39
63
43
69
12
48
10
99
1
83
91
12
14
96
1
55
8
42
22
69
61
34
86
5
92
36
8
29
90
50
20
11
61
84
17
82
55
80
54
21
1
40
86
53
73
23
5
96
40
43
47
100
14
42
60
33
10
74
29
96
74
13
7
59
10
96
44
10
64
53
99
66
67
29
73
3
67
94
59
22
29
84
4
79
89
47
12
69
42
51
10
8
0
50
56
94
42
52
37
11
9
95
34
31
86
12
88
61
21
20
22
14
96
59
11
93
4
26
33
44
91
72
10
48
76
55
28
79
76
58
85
22
22
19
29
24
54
83
2
58
24
88
43
3
81
89
61
40
15
26
50
60
53
51
69
16
49
54
18
21
40
18
85
94
17
18
53
97
100
86
23
57
9
71
25
37
27
1
90
30
5
68
16
54
69
60
57
95
9
92
41
75
58
17
66
65
28
32
18
54
64
2
97
21
73
67
86
22
43
9
84
71
69
68
24
28
98
50
39
41
90
10
98
79
50
10
74
56
58
76
43
3
6
42
78
44
16
81
46
65
73
86
33
27
88
65
43
58
2
11
83
94
12
26
59
16
13
46
83
78
16
91
100
57
16
7
68
7
49
34
3
23
58
25
11
29
59
34
55
39
21
55
78
54
20
22
71
89
38
30
55
62
45
10
79
11
53
6
49
40
57
97
89
3
73
0
5
66
21
28
48
21
12
64
68
36
55
18
25
2
34
82
71
25
26
81
1
74
19
70
11
96
70
80
75
2
56
55
62
100
33
28
86
99
44
68
30
32
66
83
0
2
26
85
69
72
42
62
95
62
97
36
89
98
38
60
30
2
53
26
25
48
13
99
16
45
55
31
42
94
5
42
18
94
60
78
98
80
49
34
91
7
44
46
93
79
48
90
88
95
7
32
65
67
52
87
26
34
36
52
38
25
100
25
56
13
98
29
78
44
53
13
0
57
71
32
61
74
86
65
98
97
48
53
34
54
5
22
76
46
85
31
96
35
12
0
62
44
18
60
94
32
42
28
23
8
99
64
5
9
52
56
23
59
75
35
84
29
80
59
24
5
2
65
44
8
33
1
59
82
98
15
50
1
6
85
46
100
87
64
65
39
7
63
68
16
68
27
83
72
10
37
19
41
70
46
6
74
37
88
72
8
62
56
15
82
5
37
95
72
83
56
23
87
22
71
3
80
28
49
35
23
97
5
99
29
22
33
58
100
53
12
56
48
58
10
61
70
80
93
6
57
80
8
5
0
69
36
52
5
51
50
3
86
35
29
49
85
37
60
16
52
76
24
58
90
30
13
90
32
43
70
42
8
78
3
60
54
17
77
97
8
42
72
73
27
64
95
6
22
46
8
14
87
5
33
32
60
96
60
2
86
89
77
41
4
63
81
8
46
83
40
16
66
92
16
62
38
36
14
28
69
28
9
13
28
39
43
36
44
8
2
7
59
79
82
62
23
100
97
43
22
51
10
44
4
17
24
65
7
75
40
65
54
61
73
96
75
4
78
58
54
69
61
33
11
31
5
85
41
56
77
88
24
40
82
87
10
26
91
39
18
42
25
28
52
21
58
83
37
94
27
55
66
33
51
64
61
76
18
83
31
16
35
53
38
84
95
31
22
89
45
77
30
40
17
61
81
41
62
52
55
48
31
24
81
25
14
46
28
83
79
59
31
67
24
71
89
93
35
14
83
66
16
50
89
55
35
60
12
39
99
43
89
5
20
85
8
73
47
93
57
68
42
88
75
71
69
70
76
31
57
79
77
80
34
60
11
95
18
40
27
17
68
56
47
81
90
45
24
18
43
70
21
30
31
30
27
2
72
1
39
84
75
42
68
40
96
71
73
28
70
71
18
4
70
28
30
27
39
100
78
78
55
3
69
9
28
88
10
36
12
4
